image_width: 640
image_height: 480
camera_name: usb_cam
camera_matrix:
  rows: 3
  cols: 3
  data: [358.3526167470006, 0, 349.1991507740446, 0, 362.8315006677319, 236.716955492367, 0, 0, 1]
distortion_model: plumb_bob
distortion_coefficients:
  rows: 1
  cols: 5
  data: [-0.2677515971482664, 0.05162908533104198, -0.001287419963382703, 0.0005853681639148209, 0]
rectification_matrix:
  rows: 3
  cols: 3
  data: [1, 0, 0, 0, 1, 0, 0, 0, 1]
projection_matrix:
  rows: 3
  cols: 4
  data: [254.1477966308594, 0, 370.8967952836247, 0, 0, 310.1391296386719, 233.749704738455, 0, 0, 0, 1, 0]